[{"id": 0, "img_name": "1", "width": 636, "height": 478, "position": [6.963056349057154, -2.7411871531159138, 2.949511230203135], "rotation": [[-0.3425874790927803, 0.5152561271081875, -0.7855857322064378], [-0.21169495553313136, 0.7723446005208522, 0.5988898595302066], [0.915324568101763, 0.37147670387758724, -0.155518466767018]], "fy": 535.3465677628318, "fx": 537.4675436589757}, {"id": 1, "img_name": "10", "width": 636, "height": 478, "position": [5.051196060781714, -1.923317202435002, 1.7791804425120996], "rotation": [[-0.42388757309727554, 0.6053948516887034, -0.6736589633653767], [-0.189558050958825, 0.6680155143736193, 0.7195992064148211], [0.8856562937677308, 0.4327266413163875, -0.16840600703254394]], "fy": 535.3465677628318, "fx": 537.4675436589757}, {"id": 2, "img_name": "100", "width": 636, "height": 478, "position": [-1.9792716539380304, 0.31444466877283533, -1.710000027033653], "rotation": [[0.9779269259756463, 0.021205152836816038, 0.20786839332854368], [-0.05216738921781723, 0.988110479526059, 0.14462449223066806], [-0.20233015334848053, -0.15227613648877839, 0.9674060612287022]], "fy": 535.3465677628318, "fx": 537.4675436589757}, {"id": 3, "img_name": "101", "width": 636, "height": 478, "position": [-2.000191998211068, 0.4604624864542223, -2.0175775439678794], "rotation": [[0.9893920708353813, 0.006333619379151887, 0.1451317175314755], [-0.01845567509255332, 0.9964341255197923, 0.08233117001770797], [-0.1440927417497289, -0.08413631062250507, 0.9859809141204912]], "fy": 535.3465677628318, "fx": 537.4675436589757}, {"id": 4, "img_name": "102", "width": 636, "height": 478, "position": [-1.9130927827114654, 0.5899952215091114, -2.3483403759036032], "rotation": [[0.987776128272177, 0.06046392296795364, 0.14367475225297308], [-0.07313428029934474, 0.9937269731751107, 0.08460543616889898], [-0.13765790010284445, -0.09407877977290167, 0.9860017676128766]], "fy": 535.3465677628318, "fx": 537.4675436589757}, {"id": 5, "img_name": "103", "width": 636, "height": 478, "position": [-1.6826106814698516, 0.6711582945468421, -2.6124383921277285], "rotation": [[0.9889009855603434, 0.01777739840155827, 0.14750866030119641], [-0.02112369416089526, 0.999553136621844, 0.02114986086078342], [-0.14706675458028726, -0.024031046075978724, 0.9888346062520849]], "fy": 535.3465677628318, "fx": 537.4675436589757}, {"id": 6, "img_name": "104", "width": 636, "height": 478, "position": [-1.3972725833259818, 0.7842553409358886, -2.8335086087225645], "rotation": [[0.9847543304322874, -0.0021363414189443214, 0.17393776111068837], [-0.009771379158206934, 0.9976663780478416, 0.06757453856481531], [-0.17367621841865322, -0.06824393129240763, 0.9824354111072919]], "fy": 535.3465677628318, "fx": 537.4675436589757}, {"id": 7, "img_name": "105", "width": 636, "height": 478, "position": [-1.211121375598602, 0.8478232741505525, -2.9258215643950045], "rotation": [[0.9874420173801669, 0.010096855738349118, 0.1576588589847865], [-0.020230230793096913, 0.9978209354922584, 0.06280221696255932], [-0.15668120523612222, -0.06520302291729506, 0.9854945792485127]], "fy": 535.3465677628318, "fx": 537.4675436589757}, {"id": 8, "img_name": "106", "width": 636, "height": 478, "position": [-1.0363351609620952, 0.9536568524736179, -3.013544106784428], "rotation": [[0.9855158076099222, 0.036035537359130815, 0.16571069065754807], [-0.04359134944826185, 0.9981583412825856, 0.042186727548799964], [-0.16388528672288555, -0.04879923949444134, 0.9852716615332656]], "fy": 535.3465677628318, "fx": 537.4675436589757}, {"id": 9, "img_name": "107", "width": 636, "height": 478, "position": [-0.7863695650258242, 1.0645909411937224, -3.0914896187677563], "rotation": [[0.9869990660560192, 0.06810554402523561, 0.14558323556499433], [-0.0746584493520278, 0.9964055681343947, 0.04002573835827185], [-0.14233397185807978, -0.05037438499675036, 0.9885360194708651]], "fy": 535.3465677628318, "fx": 537.4675436589757}, {"id": 10, "img_name": "108", "width": 636, "height": 478, "position": [-0.48366324341951433, 1.055365480205286, -3.236189602149135], "rotation": [[0.9732413125378827, 0.043222982335852464, 0.22568367545645435], [-0.048591485974836625, 0.9986513597535693, 0.018284669893231874], [-0.2245889914049593, -0.02876170127690278, 0.9740290290742681]], "fy": 535.3465677628318, "fx": 537.4675436589757}, {"id": 11, "img_name": "109", "width": 636, "height": 478, "position": [-0.27649553547378297, 1.0304781725197665, -3.356525170962815], "rotation": [[0.9784135403393582, 0.06682283225146823, 0.1955547319051502], [-0.07895565402006563, 0.995364624263013, 0.05491146933032129], [-0.19097892234188238, -0.06916627686700547, 0.9791542663776174]], "fy": 535.3465677628318, "fx": 537.4675436589757}, {"id": 12, "img_name": "11", "width": 636, "height": 478, "position": [4.812381566664172, -1.8689072589215838, 1.672522023040925], "rotation": [[-0.4688762903299696, 0.5877753850411731, -0.6592989618572949], [-0.18237843520492478, 0.6659233043798186, 0.7233838946617946], [0.8642297904716135, 0.4594194700092326, -0.20503809362610323]], "fy": 535.3465677628318, "fx": 537.4675436589757}, {"id": 13, "img_name": "110", "width": 636, "height": 478, "position": [0.0431635320964726, 0.9950556008914688, -3.5672428077647025], "rotation": [[0.9895924519886382, 0.13008460187055165, 0.061520527657804545], [-0.13318055269996704, 0.9898690855336219, 0.0492151794405186], [-0.054495131430669246, -0.056896307973463636, 0.996891714675843]], "fy": 535.3465677628318, "fx": 537.4675436589757}, {"id": 14, "img_name": "111", "width": 636, "height": 478, "position": [0.360205668197956, 0.9848162444302034, -3.6478854776845595], "rotation": [[0.9905564915724087, 0.12940270705732526, 0.04530757563583371], [-0.13399027407471548, 0.9837074784712032, 0.11985909749872967], [-0.0290593093025858, -0.12479798157848318, 0.9917565327925969]], "fy": 535.3465677628318, "fx": 537.4675436589757}, {"id": 15, "img_name": "112", "width": 636, "height": 478, "position": [0.6671762887960956, 0.9861748008637915, -3.6451545879563976], "rotation": [[0.9868263794309831, 0.16011778728669973, 0.023151480590856924], [-0.16175676715115458, 0.9739418088024253, 0.15897201435305294], [0.0029060522956068815, -0.16062268601001325, 0.9870116045918526]], "fy": 535.3465677628318, "fx": 537.4675436589757}, {"id": 16, "img_name": "113", "width": 636, "height": 478, "position": [0.9715325341918964, 0.9650324181313356, -3.658477578913167], "rotation": [[0.9813841362750694, 0.1918275702537995, 0.009346676316194203], [-0.18961311594639824, 0.9600214127539333, 0.20592657262976], [0.030529384676632954, -0.20386532403639832, 0.9785228082813403]], "fy": 535.3465677628318, "fx": 537.4675436589757}, {"id": 17, "img_name": "114", "width": 636, "height": 478, "position": [1.200744492855978, 0.9289077054522794, -3.701139547592346], "rotation": [[0.9751891814244009, 0.21825233612981407, -0.037040224171644376], [-0.2053635819397094, 0.954383916766329, 0.21674210165690755], [0.08265506424714252, -0.20375783958326524, 0.9755259520702979]], "fy": 535.3465677628318, "fx": 537.4675436589757}, {"id": 18, "img_name": "115", "width": 636, "height": 478, "position": [1.5017300958701902, 0.8818231671357953, -3.7353388461994848], "rotation": [[0.9369290726648934, 0.3000201441590901, -0.17930930230766493], [-0.2584200298077305, 0.9400416880845917, 0.22257743114979797], [0.23533593221069002, -0.16220215091616424, 0.9582836016799491]], "fy": 535.3465677628318, "fx": 537.4675436589757}, {"id": 19, "img_name": "116", "width": 636, "height": 478, "position": [1.7608818536513515, 0.8806134118227702, -3.699734963627762], "rotation": [[0.9315805814158995, 0.3064253182962426, -0.19560456189941225], [-0.2644291741055324, 0.9404014171979681, 0.21382793646742967], [0.24946910071325581, -0.14747440062295405, 0.9570874928397194]], "fy": 535.3465677628318, "fx": 537.4675436589757}, {"id": 20, "img_name": "117", "width": 636, "height": 478, "position": [1.8738965204194318, 0.895776277545768, -3.5035893955239463], "rotation": [[0.9476934023290824, 0.27831056631350953, -0.15627041901838462], [-0.24095997035300398, 0.9449090360460984, 0.22155181399824453], [0.20932154181881843, -0.17230827686645492, 0.9625457650698516]], "fy": 535.3465677628318, "fx": 537.4675436589757}, {"id": 21, "img_name": "118", "width": 636, "height": 478, "position": [1.9260780642472823, 0.823334678299904, -3.1827998575720673], "rotation": [[0.9711489439971701, 0.21896697785217714, -0.09446264438107654], [-0.19348070824112273, 0.9550345133251288, 0.22466484793208708], [0.1394092683851942, -0.19990633048535109, 0.9698466450528074]], "fy": 535.3465677628318, "fx": 537.4675436589757}, {"id": 22, "img_name": "119", "width": 636, "height": 478, "position": [1.9055089332195978, 0.6792183215528048, -2.9062994380670806], "rotation": [[0.9801211239016825, 0.18215651491121934, -0.07862306631708904], [-0.1649245675149584, 0.968323542840131, 0.18748174154178526], [0.1102835867738558, -0.17078794002193354, 0.979116443550693]], "fy": 535.3465677628318, "fx": 537.4675436589757}, {"id": 23, "img_name": "12", "width": 636, "height": 478, "position": [4.63185153227988, -1.834546109450018, 1.5385946601522824], "rotation": [[-0.47377826620391134, 0.57419069778797, -0.667711911715359], [-0.18585019617330037, 0.6759400262551124, 0.7131372837599951], [0.8608100017165004, 0.4619633356447262, -0.21353223987219497]], "fy": 535.3465677628318, "fx": 537.4675436589757}, {"id": 24, "img_name": "120", "width": 636, "height": 478, "position": [1.8678136519739423, 0.5922213973506899, -2.6926974047010117], "rotation": [[0.9711841940264897, 0.20471263563851996, -0.12204096887131063], [-0.1826212942510786, 0.9682269572837946, 0.17083917020117464], [0.15313629275641555, -0.14362902213304773, 0.9777116036142386]], "fy": 535.3465677628318, "fx": 537.4675436589757}, {"id": 25, "img_name": "121", "width": 636, "height": 478, "position": [1.7958648157603625, 0.49107543241134466, -2.4685771811983797], "rotation": [[0.9651308692866577, 0.19234523801836678, -0.17755482128525318], [-0.16260006605752966, 0.9720750630885258, 0.16920783149584395], [0.20514293472617418, -0.13443727583187914, 0.969454999058149]], "fy": 535.3465677628318, "fx": 537.4675436589757}, {"id": 26, "img_name": "122", "width": 636, "height": 478, "position": [1.6452584587913512, 0.4869304514932899, -2.2941208979397665], "rotation": [[0.9586158052668342, 0.19353004830715534, -0.2088105799399281], [-0.1624573571425747, 0.9741390941287006, 0.15703704149137715], [0.23380193541300914, -0.11661537502552871, 0.965265512335744]], "fy": 535.3465677628318, "fx": 537.4675436589757}, {"id": 27, "img_name": "123", "width": 636, "height": 478, "position": [1.3683538167346827, 0.5538225386899659, -2.1476073824338497], "rotation": [[0.9720520941600029, 0.18893414659018484, -0.13935068888021812], [-0.16719348815640972, 0.9738154885350816, 0.15404457733809687], [0.1648061399258088, -0.12644082624460729, 0.9781879439562396]], "fy": 535.3465677628318, "fx": 537.4675436589757}, {"id": 28, "img_name": "124", "width": 636, "height": 478, "position": [1.095269632627148, 0.6431100073077521, -2.0622738136971166], "rotation": [[0.9865855616512819, 0.15736585458179234, -0.04341563489074883], [-0.148930785570554, 0.9765662687226709, 0.15536390797871277], [0.06684721871972146, -0.1468138638031928, 0.9869028010623009]], "fy": 535.3465677628318, "fx": 537.4675436589757}, {"id": 29, "img_name": "125", "width": 636, "height": 478, "position": [0.9102624141370127, 0.7447852186471481, -2.1194690267596537], "rotation": [[0.9887976821195403, 0.14752943507776559, 0.022676190611739627], [-0.14888392748985252, 0.985650884188994, 0.07953559349530588], [-0.010616966149562049, -0.08202073081294475, 0.9965740713798897]], "fy": 535.3465677628318, "fx": 537.4675436589757}, {"id": 30, "img_name": "126", "width": 636, "height": 478, "position": [0.670946801362436, 0.9396503768740411, -2.2699579389917273], "rotation": [[0.9871299385624187, 0.13227767498304524, 0.08987269382206835], [-0.13163986414949724, 0.9912121797861526, -0.013013869919664071], [-0.09080435320213079, 0.0010155514087708706, 0.9958682332994054]], "fy": 535.3465677628318, "fx": 537.4675436589757}, {"id": 31, "img_name": "127", "width": 636, "height": 478, "position": [0.46909358056284134, 1.1745441429808563, -2.318230234136503], "rotation": [[0.9843429791803671, 0.08284200301427096, 0.1555831027936611], [-0.08796041121429761, 0.9957768508984214, 0.026295042761612222], [-0.1527477181411594, -0.039568494429367294, 0.9874727686631477]], "fy": 535.3465677628318, "fx": 537.4675436589757}, {"id": 32, "img_name": "128", "width": 636, "height": 478, "position": [0.28079996133921536, 1.3358823823242085, -2.338292600557298], "rotation": [[0.9589377795875854, 0.08161422486230716, 0.2716200529779719], [-0.06913342665062747, 0.9960778453499685, -0.05522223576157414], [-0.2750616370909869, 0.0341766631356739, 0.9608189483444511]], "fy": 535.3465677628318, "fx": 537.4675436589757}, {"id": 33, "img_name": "129", "width": 636, "height": 478, "position": [0.18024816807763017, 1.5173948610778627, -2.3822905495572715], "rotation": [[0.9543316245688818, 0.07228713069223812, 0.28987190461305884], [-0.053407271779874595, 0.9959351109502123, -0.07253218663199816], [-0.29393675113661716, 0.05373849191102861, 0.9543130308333732]], "fy": 535.3465677628318, "fx": 537.4675436589757}, {"id": 34, "img_name": "13", "width": 636, "height": 478, "position": [4.419289007210134, -1.7432358342706198, 1.293095306427323], "rotation": [[-0.45050077944889244, 0.577144401887774, -0.6811412387203879], [-0.185791456425231, 0.6856371303571305, 0.7038346824326227], [0.8732299711045955, 0.44362829581220675, -0.20165156265059095]], "fy": 535.3465677628318, "fx": 537.4675436589757}, {"id": 35, "img_name": "130", "width": 636, "height": 478, "position": [0.20371098057599193, 1.7255681107282643, -2.4111645479194808], "rotation": [[0.9502454480503798, 0.08902918783870832, 0.2985086132296907], [-0.051382120181415705, 0.9899588367779242, -0.13168667058955505], [-0.30723519685282746, 0.10979665385647883, 0.9452783868346536]], "fy": 535.3465677628318, "fx": 537.4675436589757}, {"id": 36, "img_name": "131", "width": 636, "height": 478, "position": [0.2104820199597046, 1.9346637487366962, -2.3789543891051776], "rotation": [[0.9527050082515369, 0.09288185744316299, 0.2893546747684354], [-0.048022318541026926, 0.9861981718155447, -0.15845195748119256], [-0.30007836338927063, 0.13706249109652668, 0.9440163395619969]], "fy": 535.3465677628318, "fx": 537.4675436589757}, {"id": 37, "img_name": "132", "width": 636, "height": 478, "position": [0.2777602371107781, 2.1054107184833324, -2.340631009354707], "rotation": [[0.9501980498278569, 0.09599192528545035, 0.29649488424478754], [-0.04361267052199677, 0.9829772492699351, -0.17847594344239084], [-0.30857997516572133, 0.15665655970212117, 0.9382095294916901]], "fy": 535.3465677628318, "fx": 537.4675436589757}, {"id": 38, "img_name": "133", "width": 636, "height": 478, "position": [0.36315301837233727, 2.1833250710634267, -2.3551165759451713], "rotation": [[0.9363986034976103, 0.11605788877282018, 0.3311921222211076], [-0.035425118631828095, 0.9701725750669492, -0.2398129178294738], [-0.3491456950008782, 0.21282796113659677, 0.912579608922308]], "fy": 535.3465677628318, "fx": 537.4675436589757}, {"id": 39, "img_name": "134", "width": 636, "height": 478, "position": [0.4299257111888808, 2.2470549457202065, -2.415091290748889], "rotation": [[0.9226299508128653, 0.12596441190404747, 0.36453661105123225], [-0.033210455841263274, 0.9675995325844222, -0.25029624480847323], [-0.38425387374217246, 0.21882438501244583, 0.896919644694027]], "fy": 535.3465677628318, "fx": 537.4675436589757}, {"id": 40, "img_name": "135", "width": 636, "height": 478, "position": [0.48145642329829347, 2.3117708075577603, -2.438376577650071], "rotation": [[0.9084835587390049, 0.10713483158522283, 0.4039551353332683], [-0.0277662229962075, 0.9799208745133522, -0.19744395800710662], [-0.4169971946685469, 0.16815828125368412, 0.8932167329849845]], "fy": 535.3465677628318, "fx": 537.4675436589757}, {"id": 41, "img_name": "136", "width": 636, "height": 478, "position": [0.5156312164893545, 2.344679550280922, -2.4246340437759963], "rotation": [[0.9060088247226689, 0.07840123138979699, 0.41593419724905056], [-0.013277983363820137, 0.9874758016787618, -0.15721080197199225], [-0.4230504753365001, 0.13691160657683613, 0.8957028007671467]], "fy": 535.3465677628318, "fx": 537.4675436589757}, {"id": 42, "img_name": "137", "width": 636, "height": 478, "position": [0.5055428974452946, 2.3288878343224413, -2.3789409137798057], "rotation": [[0.908788985386929, 0.07994599364521143, 0.40952560132362403], [-0.01735456393248041, 0.9878660851137284, -0.15433540421040476], [-0.41689494977765024, 0.13315117717149702, 0.8991492450465244]], "fy": 535.3465677628318, "fx": 537.4675436589757}, {"id": 43, "img_name": "138", "width": 636, "height": 478, "position": [0.4648312439655726, 2.253758543212191, -2.290258270619393], "rotation": [[0.9189076713781674, 0.07958579999710882, 0.38636096065877856], [-0.01366507711061705, 0.9852709386987755, -0.17045363892623366], [-0.394235915601198, 0.15135150410370607, 0.9064605700501435]], "fy": 535.3465677628318, "fx": 537.4675436589757}, {"id": 44, "img_name": "139", "width": 636, "height": 478, "position": [0.3822012328526911, 2.1809450363822824, -2.2218127822908147], "rotation": [[0.9356275069797934, 0.10806476966227674, 0.33604043468103034], [-0.03890414698678868, 0.9777552678027863, -0.20610944575912102], [-0.3508384749852944, 0.1797683004362582, 0.9190188913337157]], "fy": 535.3465677628318, "fx": 537.4675436589757}, {"id": 45, "img_name": "14", "width": 636, "height": 478, "position": [4.245076457087401, -1.6454242335490608, 1.0069182562812458], "rotation": [[-0.44998127880799726, 0.5775547180885561, -0.6811368411236959], [-0.18204555119529217, 0.6873797126456294, 0.7031134673245946], [0.8742861465288813, 0.4403858288556299, -0.204166735123081]], "fy": 535.3465677628318, "fx": 537.4675436589757}, {"id": 46, "img_name": "140", "width": 636, "height": 478, "position": [0.26640862377684954, 2.1615115127340303, -2.1656871494361405], "rotation": [[0.9567550121728209, 0.11744355495572564, 0.2661331585532828], [-0.06096105747308533, 0.9755112148169869, -0.21133295823900614], [-0.2844355746982934, 0.18597010825841817, 0.9404847275104491]], "fy": 535.3465677628318, "fx": 537.4675436589757}, {"id": 47, "img_name": "142", "width": 636, "height": 478, "position": [-0.05711656431775816, 2.1481397720493725, -1.9852899572192946], "rotation": [[0.989377017614705, 0.10592451305342068, 0.09956462499415739], [-0.08472092493712463, 0.9766941514767599, -0.19720775681724548], [-0.1181333225369945, 0.1866776151698094, 0.9752927694292022]], "fy": 535.3465677628318, "fx": 537.4675436589757}, {"id": 48, "img_name": "143", "width": 636, "height": 478, "position": [-0.12754494221576657, 2.0478118839173423, -1.8742958076802623], "rotation": [[0.9893258344719031, 0.10936238500878184, 0.09630296979669513], [-0.0929066598151412, 0.9825191712524772, -0.1613208935114692], [-0.11226195173996324, 0.15065174033689793, 0.9821920928845834]], "fy": 535.3465677628318, "fx": 537.4675436589757}, {"id": 49, "img_name": "144", "width": 636, "height": 478, "position": [-0.27662895652451636, 1.7657174867014036, -1.776788374771395], "rotation": [[0.9832197652394407, 0.10938856396710615, 0.14598984661857023], [-0.0956285706801374, 0.9905639605571721, -0.09817441884199576], [-0.15535143936305615, 0.08256622868039924, 0.9844027367746003]], "fy": 535.3465677628318, "fx": 537.4675436589757}, {"id": 50, "img_name": "145", "width": 636, "height": 478, "position": [-0.37922382983352454, 1.6524868268817756, -1.6230546655545979], "rotation": [[0.9818019827552892, 0.09024309612386366, 0.16709593130822215], [-0.07051896853989968, 0.990213314607035, -0.12043532144274725], [-0.17632907228773037, 0.10646020466319009, 0.9785572456883757]], "fy": 535.3465677628318, "fx": 537.4675436589757}, {"id": 51, "img_name": "146", "width": 636, "height": 478, "position": [-0.45654537726243777, 1.6608460964685383, -1.5086551507005035], "rotation": [[0.9642841518487345, 0.026036614246469764, 0.2635871188278124], [-0.014232172177369763, 0.9988124713715444, -0.04659498157293089], [-0.26448727713914794, 0.04117938502756682, 0.9635095943893196]], "fy": 535.3465677628318, "fx": 537.4675436589757}, {"id": 52, "img_name": "147", "width": 636, "height": 478, "position": [-0.5935442415887747, 1.5867034773264004, -1.4069755830146407], "rotation": [[0.9419409365485664, -0.010876653190713926, 0.335602399379651], [0.03365075776794627, 0.9975012571486331, -0.06211979143992228], [-0.334088159855528, 0.06980644957498819, 0.9399532759888025]], "fy": 535.3465677628318, "fx": 537.4675436589757}, {"id": 53, "img_name": "148", "width": 636, "height": 478, "position": [-0.7904874746989805, 1.5980977564990795, -1.2648635279085763], "rotation": [[0.8865293602117618, 0.0057369426342211505, 0.46263677001697123], [0.022346410050109313, 0.9982252288722759, -0.0551999130503371], [-0.46213237436950544, 0.05927461456731758, 0.8848277734268399]], "fy": 535.3465677628318, "fx": 537.4675436589757}, {"id": 54, "img_name": "149", "width": 636, "height": 478, "position": [-0.9183829073719819, 1.5811933887672582, -1.1236128921209692], "rotation": [[0.8343680435876355, -0.03380387269838507, 0.5501702155063768], [0.07401124424812203, 0.9959499651667716, -0.051049021627758547], [-0.5462163523408893, 0.08331245450050018, 0.8334906906261854]], "fy": 535.3465677628318, "fx": 537.4675436589757}, {"id": 55, "img_name": "15", "width": 636, "height": 478, "position": [4.041968924168107, -1.5291867907189243, 0.7808320600500991], "rotation": [[-0.4655232006191614, 0.5810037775454042, -0.6676247150632318], [-0.18444234828507097, 0.674096673126305, 0.7152445004606018], [0.8656033559572073, 0.45610117929908695, -0.2066459397075145]], "fy": 535.3465677628318, "fx": 537.4675436589757}, {"id": 56, "img_name": "150", "width": 636, "height": 478, "position": [-0.8757078621990176, 1.606296749663524, -0.9652247496559638], "rotation": [[0.8389438981140752, 0.022412552646385385, 0.5437562075976999], [0.06626845838550266, 0.9875093663812617, -0.14294664295634132], [-0.5401681471915658, 0.15595809947916087, 0.8269797119436965]], "fy": 535.3465677628318, "fx": 537.4675436589757}, {"id": 57, "img_name": "151", "width": 636, "height": 478, "position": [-0.7771092451387841, 1.6298578860405903, -0.8094228668650589], "rotation": [[0.8445474363933715, 0.054720842373981726, 0.5326774418832334], [0.11444802551064862, 0.9533329418370255, -0.2793885313771422], [-0.5231073285073511, 0.29692074938987395, 0.7988721996938297]], "fy": 535.3465677628318, "fx": 537.4675436589757}, {"id": 58, "img_name": "152", "width": 636, "height": 478, "position": [-0.7466468589836395, 1.5931408384342955, -0.7516158127274112], "rotation": [[0.8630482780650021, 0.13361360896036015, 0.4871294214370786], [0.06783971266796679, 0.9249832908689212, -0.373903309691728], [-0.5005451459300777, 0.35574332757465543, 0.7892409275829205]], "fy": 535.3465677628318, "fx": 537.4675436589757}, {"id": 59, "img_name": "153", "width": 636, "height": 478, "position": [-0.7603202152933927, 1.494441971556273, -0.7445684880264853], "rotation": [[0.8766729421575569, 0.18493041288169826, 0.44412306276551033], [0.04486574211170685, 0.8877150253303389, -0.4582020285720282], [-0.47899020623972954, 0.4216192312906997, 0.7699387028408565]], "fy": 535.3465677628318, "fx": 537.4675436589757}, {"id": 60, "img_name": "154", "width": 636, "height": 478, "position": [-0.8347350848527351, 1.412167170301836, -0.7172802053314555], "rotation": [[0.9061546162982608, 0.18252744138607221, 0.3815331499390398], [0.03525650171994015, 0.8663453167399748, -0.4981995295553627], [-0.4214745430602229, 0.46489732770125347, 0.7786075290211429]], "fy": 535.3465677628318, "fx": 537.4675436589757}, {"id": 61, "img_name": "155", "width": 636, "height": 478, "position": [-1.037050494064433, 1.4455059017791199, -0.6171600914112509], "rotation": [[0.9507876444455974, 0.1532571680601617, 0.2692862707376144], [0.0010324608775699495, 0.8675328630010412, -0.49737879492169046], [-0.3098415549827503, 0.4731796403601872, 0.8246812952616759]], "fy": 535.3465677628318, "fx": 537.4675436589757}, {"id": 62, "img_name": "156", "width": 636, "height": 478, "position": [-1.3010530049279123, 1.5850247054781146, -0.5478019914191494], "rotation": [[0.9789777438876561, 0.10968487358302063, 0.17196454715932463], [-0.02179611507293761, 0.8945290782459097, -0.446478059416418], [-0.20279917736608813, 0.4333439242444736, 0.8781147629894613]], "fy": 535.3465677628318, "fx": 537.4675436589757}, {"id": 63, "img_name": "157", "width": 636, "height": 478, "position": [-1.4646452119984539, 1.7180256360610735, -0.4848459046117451], "rotation": [[0.9898676155930742, 0.0674131404440195, 0.1249702848502672], [-0.020298499408017107, 0.9382559843822031, -0.345345737910236], [-0.1405349583621981, 0.3393098528873831, 0.9301175996677398]], "fy": 535.3465677628318, "fx": 537.4675436589757}, {"id": 64, "img_name": "158", "width": 636, "height": 478, "position": [-1.5754815346453046, 1.8130039319150881, -0.46229727588175906], "rotation": [[0.9947934886406883, 0.03576922403406207, 0.09542786579448234], [-0.006449227362081123, 0.9566002427063752, -0.2913320839189123], [-0.10170704215795896, 0.28919982411146977, 0.9518503765347651]], "fy": 535.3465677628318, "fx": 537.4675436589757}, {"id": 65, "img_name": "159", "width": 636, "height": 478, "position": [-1.637346056030052, 1.8640448630023845, -0.4438545824246211], "rotation": [[0.9948074462008344, 0.0367076070000047, 0.09492468894711693], [-0.011706688311712685, 0.9677723992167861, -0.25155424218835576], [-0.10109944822869263, 0.24913677950579421, 0.9631769134823234]], "fy": 535.3465677628318, "fx": 537.4675436589757}, {"id": 66, "img_name": "16", "width": 636, "height": 478, "position": [3.7780348302893625, -1.4352550238411952, 0.5246486056844079], "rotation": [[-0.47081418115880724, 0.5664332475343102, -0.6763781360359721], [-0.18951494464693783, 0.6838344181139794, 0.7045953266650178], [0.8616368681615415, 0.459917236783369, -0.21461137605989247]], "fy": 535.3465677628318, "fx": 537.4675436589757}, {"id": 67, "img_name": "160", "width": 636, "height": 478, "position": [-1.6670629363385678, 1.9436530210787566, -0.4297268048957002], "rotation": [[0.9940753466011687, 0.03588752874029675, 0.10259771225851351], [-0.01697741703756059, 0.9836009922665591, -0.1795573872692882], [-0.10735908247791198, 0.17675172783640553, 0.9783827748465045]], "fy": 535.3465677628318, "fx": 537.4675436589757}, {"id": 68, "img_name": "161", "width": 636, "height": 478, "position": [-1.731406688788129, 1.9001801103000613, -0.42111750947613086], "rotation": [[0.9921255816658858, 0.03849083971985551, 0.11918592811984235], [-0.021306633852126056, 0.989604258291352, -0.14223023351423747], [-0.12342146311731712, 0.13857080222501225, 0.9826318106049169]], "fy": 535.3465677628318, "fx": 537.4675436589757}, {"id": 69, "img_name": "162", "width": 636, "height": 478, "position": [-1.9370356876690467, 1.5928810850587354, -0.5107844143535762], "rotation": [[0.9957493562813345, 0.029467994176352395, 0.0872631467718778], [-0.025271347234250823, 0.9984882151724889, -0.04881232601119955], [-0.08856962500921942, 0.04639958492142108, 0.9949886934256321]], "fy": 535.3465677628318, "fx": 537.4675436589757}, {"id": 70, "img_name": "163", "width": 636, "height": 478, "position": [-2.0534405647119387, 1.479024640640165, -0.40300036695351216], "rotation": [[0.9874570168549877, 0.0880610856981126, 0.13104917035036212], [-0.08443703182226345, 0.9958832276966507, -0.032969447213245025], [-0.13341299607195176, 0.021490509025394174, 0.9908274978526457]], "fy": 535.3465677628318, "fx": 537.4675436589757}, {"id": 71, "img_name": "164", "width": 636, "height": 478, "position": [-2.097529436245764, 1.485220213637306, -0.23427907070688636], "rotation": [[0.9738958380519469, 0.026877861498063465, 0.22539848532407464], [-0.033612277790322685, 0.999094272895235, 0.0260930766619771], [-0.2244930097059647, -0.032988095265300645, 0.9739171803412879]], "fy": 535.3465677628318, "fx": 537.4675436589757}, {"id": 72, "img_name": "165", "width": 636, "height": 478, "position": [-2.154890700544223, 1.5235613454271566, -0.16209773122121493], "rotation": [[0.9348205085567695, 0.03135435537383784, 0.35373368680513606], [-0.048920955526029826, 0.9979679079923249, 0.04082639743894399], [-0.35173478203339975, -0.05547034357666704, 0.9344547522975113]], "fy": 535.3465677628318, "fx": 537.4675436589757}, {"id": 73, "img_name": "166", "width": 636, "height": 478, "position": [-2.2058175722210835, 1.643635339797453, -0.05618590097529391], "rotation": [[0.8906041875342255, 0.012316776608099118, 0.45461244831228276], [-0.004975939490843446, 0.9998372613505454, -0.01734043947611189], [-0.4547520436157328, 0.013181343976522927, 0.8905205393466717]], "fy": 535.3465677628318, "fx": 537.4675436589757}, {"id": 74, "img_name": "167", "width": 636, "height": 478, "position": [-2.1495730739694525, 1.8493197001553152, 0.10711597246846685], "rotation": [[0.8724966821444097, 0.00995687060394625, 0.4885185773077344], [0.03768418574685576, 0.9954432990049876, -0.08759303973868723], [-0.4871646967829188, 0.09483406135900244, 0.8681457590834409]], "fy": 535.3465677628318, "fx": 537.4675436589757}, {"id": 75, "img_name": "168", "width": 636, "height": 478, "position": [-2.072408409114514, 1.93394953220797, 0.2541463902504733], "rotation": [[0.8666717399041072, 0.03613410311262775, 0.4975685096987486], [0.07009901519833252, 0.9786578209414645, -0.19317090251466026], [-0.4939293707806933, 0.2022948247048115, 0.8456421114028309]], "fy": 535.3465677628318, "fx": 537.4675436589757}, {"id": 76, "img_name": "169", "width": 636, "height": 478, "position": [-2.0229289402981507, 1.889915027085195, 0.31262169813993557], "rotation": [[0.8589357985522241, 0.09126835404952768, 0.5038842937764015], [0.04598620360243221, 0.9662656427372901, -0.2534087148140869], [-0.510014277293968, 0.24083354254459996, 0.825763066346352]], "fy": 535.3465677628318, "fx": 537.4675436589757}, {"id": 77, "img_name": "17", "width": 636, "height": 478, "position": [3.6095226183546405, -1.3516423406908327, 0.32360181662407], "rotation": [[-0.47028396256893257, 0.5708802174040789, -0.6729998305550562], [-0.19251922891160386, 0.6778620036888393, 0.7095346717773793], [0.8612603213023018, 0.46324818545961244, -0.20888220991418155]], "fy": 535.3465677628318, "fx": 537.4675436589757}, {"id": 78, "img_name": "170", "width": 636, "height": 478, "position": [-2.0060735261675773, 1.7999971777280743, 0.35078460954870344], "rotation": [[0.8668211727219921, 0.08991999218161743, 0.49044413497046546], [0.07038117036874098, 0.9516917380525171, -0.2988801207509554], [-0.49362692934887226, 0.2935936489923399, 0.8186178741592235]], "fy": 535.3465677628318, "fx": 537.4675436589757}, {"id": 79, "img_name": "171", "width": 636, "height": 478, "position": [-2.012438189784296, 1.7223487325735094, 0.30810016994386724], "rotation": [[0.867947350555096, 0.07242523790311699, 0.49134710905740175], [0.07976410181888041, 0.9561409993727259, -0.2818369695046276], [-0.4902092254593099, 0.2838115118052861, 0.8241031131122982]], "fy": 535.3465677628318, "fx": 537.4675436589757}, {"id": 80, "img_name": "172", "width": 636, "height": 478, "position": [-1.9826596466915154, 1.5683350599942747, 0.10056054131780055], "rotation": [[0.8282218663114296, 0.03480237840862478, 0.5593186342512784], [0.10965490842073054, 0.9687120072800377, -0.22264960815308296], [-0.5495674128101609, 0.24573530761488682, 0.7984922149705425]], "fy": 535.3465677628318, "fx": 537.4675436589757}, {"id": 81, "img_name": "173", "width": 636, "height": 478, "position": [-1.9323829206705527, 1.4479151130090995, -0.14895270810719224], "rotation": [[0.7539969050441149, 0.023059828260930476, 0.6564730851333298], [0.10555679052336055, 0.9821423376439645, -0.15573757601059596], [-0.648341292189772, 0.18672084224270513, 0.7380981614350979]], "fy": 535.3465677628318, "fx": 537.4675436589757}, {"id": 82, "img_name": "174", "width": 636, "height": 478, "position": [-1.898246157765037, 1.3319596599308863, -0.39756778076202864], "rotation": [[0.700658376000464, -0.029518253376893712, 0.7128860447911504], [0.10000747612791046, 0.9933434045167401, -0.05716104811510736], [-0.7064533564637642, 0.11134430124918696, 0.6989464226393982]], "fy": 535.3465677628318, "fx": 537.4675436589757}, {"id": 83, "img_name": "175", "width": 636, "height": 478, "position": [-1.874774382982163, 1.103747238742321, -0.6158285835442732], "rotation": [[0.6669605008931059, -0.09278092892822126, 0.7392938451492976], [0.1223592619206558, 0.9923849115766881, 0.014156210550908906], [-0.7349774835126923, 0.08101781595516921, 0.6732341436879182]], "fy": 535.3465677628318, "fx": 537.4675436589757}, {"id": 84, "img_name": "176", "width": 636, "height": 478, "position": [-1.9273829745601199, 0.8444934678638247, -0.7749087617464574], "rotation": [[0.6855079075900968, -0.13542032731962228, 0.7153602194559701], [0.11084911138723201, 0.9905076871997932, 0.08128343067795366], [-0.7195772252761399, 0.023576610162680877, 0.6940120750513845]], "fy": 535.3465677628318, "fx": 537.4675436589757}, {"id": 85, "img_name": "177", "width": 636, "height": 478, "position": [-1.9836590217087071, 0.6625913112621655, -0.9827921613166289], "rotation": [[0.7553268671356086, -0.11337088810371534, 0.6454675557405511], [0.0868106838188101, 0.993552280463672, 0.07292304958205567], [-0.649573112865686, 0.0009527413139044004, 0.7602985356594942]], "fy": 535.3465677628318, "fx": 537.4675436589757}, {"id": 86, "img_name": "178", "width": 636, "height": 478, "position": [-2.0354582812097797, 0.5622308661093727, -1.192858449514466], "rotation": [[0.7561005230673833, -0.10096337525868823, 0.6466207511931571], [0.09859704810450395, 0.9943246739341275, 0.039963294544733165], [-0.6469857966928699, 0.03353862940199357, 0.7617640968275731]], "fy": 535.3465677628318, "fx": 537.4675436589757}, {"id": 87, "img_name": "179", "width": 636, "height": 478, "position": [-2.167662062652719, 0.4860292810306605, -1.493016555523578], "rotation": [[0.7950440672452047, -0.08071924308308506, 0.601156664218485], [0.07068801533837622, 0.9966823941224369, 0.040341166739311325], [-0.6024185717802232, 0.010421566219204304, 0.7981123074679496]], "fy": 535.3465677628318, "fx": 537.4675436589757}, {"id": 88, "img_name": "18", "width": 636, "height": 478, "position": [3.476810146658803, -1.2644552222533318, 0.06847571012540919], "rotation": [[-0.38647611814326593, 0.5967230826120714, -0.7032480165509596], [-0.19553535490750729, 0.6921487707339354, 0.6947632720234259], [0.9013335315442927, 0.40601926290442036, -0.1508185103508315]], "fy": 535.3465677628318, "fx": 537.4675436589757}, {"id": 89, "img_name": "180", "width": 636, "height": 478, "position": [-2.1701602662213797, 0.39181619054197653, -1.7661141132602785], "rotation": [[0.7822623823916018, -0.12953869661859344, 0.6093318399471436], [0.0867751252131065, 0.9912634667155747, 0.09933185390029857], [-0.6168757109331384, -0.024828725971676117, 0.786668857669705]], "fy": 535.3465677628318, "fx": 537.4675436589757}, {"id": 90, "img_name": "181", "width": 636, "height": 478, "position": [-2.097651314090684, 0.3181720013233481, -2.1383811900514043], "rotation": [[0.7928436798066198, -0.11558933993310479, 0.5983627694672581], [0.09045481199630298, 0.9932926165116098, 0.07202572436451861], [-0.6026747268447644, -0.0029803485281542238, 0.797981385212236]], "fy": 535.3465677628318, "fx": 537.4675436589757}, {"id": 91, "img_name": "182", "width": 636, "height": 478, "position": [-1.926448602508894, 0.326207873564129, -2.572654437493387], "rotation": [[0.838463952073638, -0.11400623170674663, 0.5328984708226169], [0.08880015850271603, 0.9933852812348529, 0.07280257465121052], [-0.5376734445022819, -0.013720865788286655, 0.8430415202818135]], "fy": 535.3465677628318, "fx": 537.4675436589757}, {"id": 92, "img_name": "183", "width": 636, "height": 478, "position": [-1.7349383160705472, 0.37174048312714697, -2.798942716141602], "rotation": [[0.8243778546450531, -0.15146660534562642, 0.5453980383498751], [0.09688824435913257, 0.9870717977496181, 0.1276790280051581], [-0.5576861311488971, -0.052413104777423634, 0.8283954644804413]], "fy": 535.3465677628318, "fx": 537.4675436589757}, {"id": 93, "img_name": "184", "width": 636, "height": 478, "position": [-1.408147906628675, 0.42510307215598836, -2.7843244865084573], "rotation": [[0.8612327776701243, -0.1662581834135629, 0.48024610265427914], [0.050443370066387654, 0.9682733402403323, 0.24474926965401794], [-0.5057010669189335, -0.18656086145773396, 0.8422953614316064]], "fy": 535.3465677628318, "fx": 537.4675436589757}, {"id": 94, "img_name": "186", "width": 636, "height": 478, "position": [-0.718642511788155, 0.31364398079042993, -3.0862976536247606], "rotation": [[0.9072442815653581, -0.11015383209836167, 0.40592357265993256], [0.009499083002756014, 0.9702164934182561, 0.24205314152328156], [-0.42049682637216695, -0.2157454267724555, 0.8812697259282806]], "fy": 535.3465677628318, "fx": 537.4675436589757}, {"id": 95, "img_name": "187", "width": 636, "height": 478, "position": [-0.40408652787985627, 0.24986215727400898, -3.307484228223932], "rotation": [[0.9478052172622965, -0.0838578328900926, 0.3076249892212082], [0.01999270386876722, 0.9785272010798484, 0.20514582262101716], [-0.31822250379630107, -0.18828802566763342, 0.9291297312366006]], "fy": 535.3465677628318, "fx": 537.4675436589757}, {"id": 96, "img_name": "188", "width": 636, "height": 478, "position": [-0.2812223827605114, 0.3140286225904673, -3.5218114763120787], "rotation": [[0.9714118619366102, 0.0362840936097844, 0.23461129350430823], [-0.0944258345437008, 0.9657683743683445, 0.24160962075350165], [-0.2178135814396657, -0.25685581874047864, 0.9415850105644124]], "fy": 535.3465677628318, "fx": 537.4675436589757}, {"id": 97, "img_name": "189", "width": 636, "height": 478, "position": [-0.15391456189089103, 0.36680375850371966, -3.7627097415552253], "rotation": [[0.9880773523639248, 0.07699598022615821, 0.13332203409230328], [-0.11003646097164704, 0.9588413312502964, 0.2617542334767378], [-0.10768065286917337, -0.27330371478480214, 0.9558817690920233]], "fy": 535.3465677628318, "fx": 537.4675436589757}, {"id": 98, "img_name": "19", "width": 636, "height": 478, "position": [3.381569554248419, -1.1806303727916587, -0.23329489738245443], "rotation": [[-0.31422684304404824, 0.6110874186338016, -0.7265216155752334], [-0.192636493312049, 0.7083216850353344, 0.67909614337967], [0.9295981242208954, 0.3533448135973997, -0.10485594951556616]], "fy": 535.3465677628318, "fx": 537.4675436589757}, {"id": 99, "img_name": "190", "width": 636, "height": 478, "position": [0.05436675263748826, 0.35189696871896486, -3.9616610823521503], "rotation": [[0.9862694504279435, 0.12112427508637726, 0.11225631891952396], [-0.14968559923703245, 0.9428112697239739, 0.2978273510987843], [-0.06976240057231954, -0.31054117225622047, 0.947996512546391]], "fy": 535.3465677628318, "fx": 537.4675436589757}, {"id": 100, "img_name": "191", "width": 636, "height": 478, "position": [0.32342023732169434, 0.3454400485147846, -4.119427896068591], "rotation": [[0.9859181709576085, 0.16720964028886762, 0.0025092568763375564], [-0.1612371244623644, 0.9465079315313639, 0.2795090789998186], [0.04436158102132925, -0.27597766529682494, 0.960139770234835]], "fy": 535.3465677628318, "fx": 537.4675436589757}, {"id": 101, "img_name": "2", "width": 636, "height": 478, "position": [6.93165975026527, -2.7282483684719177, 2.907761994961639], "rotation": [[-0.33591469639418614, 0.5047018787038466, -0.7952592850003132], [-0.2006799058323257, 0.7865843291300401, 0.5839628999878105], [0.9202656638936011, 0.3557542786810194, -0.16294171061645618]], "fy": 535.3465677628318, "fx": 