  SSIM :    0.8507386
  PSNR :   27.1271248
  LPIPS:    0.2191745
